#----------------------------------------
# 72 vertices, 108 faces
# bounding box ( -4.000000, 4.000000 ) ( -4.000000, 4.000000 ) ( 0.000000, 10.000000 )
# size ( 8.000001, 8.000001, 10.000000 )
#----------------------------------------
w   -4.800001   -4.800001    4.800001    4.800001
s    0.100000    0.100000    0.900000    0.900000
v    4.000000    2.000000    0.000000
v    4.000000    4.000000    0.000000
v    2.000000    4.000000    0.000000
v    2.000000    2.000000    0.000000
v    4.000000    2.000000   10.000000
v    4.000000    4.000000   10.000000
v    2.000000    4.000000   10.000000
v    2.000000    2.000000   10.000000
v    1.000000    2.000000    0.000000
v    1.000000    4.000000    0.000000
v   -1.000000    4.000000    0.000000
v   -1.000000    2.000000    0.000000
v    1.000000    2.000000   10.000000
v    0.999999    4.000000   10.000000
v   -1.000001    4.000000   10.000000
v   -1.000000    2.000000   10.000000
v   -1.999999    2.000000    0.000000
v   -1.999999    4.000000    0.000000
v   -3.999999    4.000000    0.000000
v   -3.999999    2.000000    0.000000
v   -1.999999    2.000000   10.000000
v   -2.000000    4.000000   10.000000
v   -4.000000    4.000000   10.000000
v   -3.999999    2.000000   10.000000
v    4.000000   -1.000000    0.000000
v    4.000000    1.000000    0.000000
v    2.000000    1.000000    0.000000
v    2.000000   -1.000001    0.000000
v    4.000000   -1.000000   10.000000
v    4.000000    1.000000   10.000000
v    2.000000    1.000000   10.000000
v    2.000000   -1.000000   10.000000
v    1.000000   -1.000000    0.000000
v    1.000000    1.000000    0.000000
v   -1.000000    1.000000    0.000000
v   -1.000000   -1.000001    0.000000
v    1.000000   -1.000000   10.000000
v    0.999999    1.000000   10.000000
v   -1.000001    1.000000   10.000000
v   -1.000000   -1.000000   10.000000
v   -2.000000   -1.000000    0.000000
v   -2.000000    1.000000    0.000000
v   -4.000000    1.000000    0.000000
v   -4.000000   -1.000001    0.000000
v   -2.000000   -1.000000   10.000000
v   -2.000001    1.000000   10.000000
v   -4.000000    1.000000   10.000000
v   -4.000000   -1.000000   10.000000
v    4.000000   -4.000000    0.000000
v    4.000000   -2.000000    0.000000
v    2.000000   -2.000000    0.000000
v    2.000000   -4.000000    0.000000
v    4.000000   -4.000000   10.000000
v    4.000000   -2.000000   10.000000
v    2.000000   -2.000000   10.000000
v    2.000000   -4.000000   10.000000
v    1.000000   -4.000000    0.000000
v    1.000000   -2.000000    0.000000
v   -1.000000   -2.000000    0.000000
v   -1.000000   -4.000000    0.000000
v    1.000000   -4.000000   10.000000
v    0.999999   -2.000000   10.000000
v   -1.000001   -2.000000   10.000000
v   -1.000000   -4.000000   10.000000
v   -2.000000   -4.000000    0.000000
v   -2.000000   -2.000000    0.000000
v   -4.000000   -2.000000    0.000000
v   -4.000000   -4.000000    0.000000
v   -2.000000   -4.000000   10.000000
v   -2.000001   -1.999999   10.000000
v   -4.000000   -2.000000   10.000000
v   -4.000000   -4.000000   10.000000
f     2     4     1
f     8     6     5
f     5     2     1
f     6     3     2
f     7     4     3
f     1     8     5
f    10    12     9
f    13    15    14
f    13    10     9
f    14    11    10
f    15    12    11
f     9    16    13
f    18    20    17
f    24    22    21
f    21    18    17
f    22    19    18
f    23    20    19
f    17    24    21
f    26    28    25
f    32    30    29
f    25    30    26
f    30    27    26
f    31    28    27
f    25    32    29
f    33    35    36
f    40    38    37
f    33    38    34
f    38    35    34
f    39    36    35
f    33    40    37
f    41    43    44
f    48    46    45
f    45    42    41
f    46    43    42
f    47    44    43
f    41    48    45
f    50    52    49
f    56    54    53
f    53    50    49
f    54    51    50
f    55    52    51
f    49    56    53
f    58    60    57
f    64    62    61
f    61    58    57
f    62    59    58
f    63    60    59
f    57    64    61
f    66    68    65
f    72    70    69
f    69    66    65
f    70    67    66
f    71    68    67
f    65    72    69
f     2     3     4
f     7     8     4
f     1     4     8
f    15    16    12
f     9    12    16
f    23    24    20
f    17    20    24
f    31    32    28
f    25    28    32
f    39    40    36
f    33    36    40
f    47    48    44
f    41    44    48
f    55    56    52
f    49    52    56
f    63    64    60
f    57    60    64
f    71    72    68
f    65    68    72
f     8     7     6
f    10    11    12
f    13    16    15
f    13    14    10
f    14    15    11
f    18    19    20
f    24    23    22
f    21    22    18
f    22    23    19
f    26    27    28
f    32    31    30
f    25    29    30
f    30    31    27
f    33    34    35
f    40    39    38
f    33    37    38
f    38    39    35
f    41    42    43
f    48    47    46
f    45    46    42
f    46    47    43
f    50    51    52
f    56    55    54
f    53    54    50
f    58    59    60
f    61    62    58
f    66    67    68
f    69    70    66
f     5     6     2
f     6     7     3
f    54    55    51
f    64    63    62
f    72    71    70
f    70    71    67
f    62    63    59
