# BB corners ( -0.143, -1.000, -0.107 ), ( 0.143, 0.221, 0.089 )
# 256 vertices, 0 faces, 16 patches

s 0.1 0.1 0.9 0.9
w -0.7 -1.1 0.7 0.3

p 1  2  3  4  5  6  7  8  9  10  11  12  13  14  15  16
p 17  18  19  20  21  22  23  24  25  26  27  28  29  30  31  32
p 33  34  35  36  37  38  39  40  41  42  43  44  45  46  47  48
p 49  50  51  52  53  54  55  56  57  58  59  60  61  62  63  64
p 65  66  67  68  69  70  71  72  73  74  75  76  77  78  79  80
p 81  82  83  84  85  86  87  88  89  90  91  92  93  94  95  96
p 97  98  99  100  101  102  103  104  105  106  107  108  109  110  111  112
p 113  114  115  116  117  118  119  120  121  122  123  124  125  126  127  128
p 129  130  131  132  133  134  135  136  137  138  139  140  141  142  143  144
p 145  146  147  148  149  150  151  152  153  154  155  156  157  158  159  160
p 161  162  163  164  165  166  167  168  169  170  171  172  173  174  175  176
p 177  178  179  180  181  182  183  184  185  186  187  188  189  190  191  192
p 193  194  195  196  197  198  199  200  201  202  203  204  205  206  207  208
p 209  210  211  212  213  214  215  216  217  218  219  220  221  222  223  224
p 225  226  227  228  229  230  231  232  233  234  235  236  237  238  239  240
p 241  242  243  244  245  246  247  248  249  250  251  252  253  254  255  256

v -0.000107143  0.205357  0.0
v 0.0  0.196429  -0.0178571
v 0.0  0.196429  -0.0178571
v 0.000107143  0.205357  0.0
v -0.0535714  0.205357  0.0
v -0.0222714  0.178571  -0.0534286
v 0.0222714  0.178571  -0.0534286
v 0.0535714  0.205357  0.0
v -0.107143  0.0952429  -0.0178571
v -0.0446429  0.0952429  -0.0892857
v 0.0446429  0.0952429  -0.0892857
v 0.107143  0.0952429  -0.0178571
v -0.107143  0.0  -0.0178571
v -0.0446429  0.0  -0.0892857
v 0.0446429  0.0  -0.0892857
v 0.107143  0.0  -0.0178571
v 0.000107143  0.205357  0.0
v 0.000135714  0.207589  0.00446429
v 0.000157143  0.216518  0.00446429
v 0.000125  0.214286  0.0
v 0.0535714  0.205357  0.0
v 0.0613964  0.212054  0.0133571
v 0.0714286  0.220982  0.015625
v 0.0625  0.214286  0.0
v 0.107143  0.0952429  -0.0178571
v 0.122768  0.0952429  0.0
v 0.142857  0.0952429  0.00446429
v 0.125  0.0952429  -0.0178571
v 0.107143  0.0  -0.0178571
v 0.122768  0.0  0.0
v 0.142857  0.0  0.00446429
v 0.125  0.0  -0.0178571
v 0.000125  0.214286  0.0
v 0.0  0.205357  -0.0178571
v 0.0  0.205357  -0.0178571
v -0.000125  0.214286  0.0
v 0.0625  0.214286  0.0
v 0.0267857  0.1875  -0.0625
v -0.0267857  0.1875  -0.0625
v -0.0625  0.214286  0.0
v 0.125  0.0952429  -0.0178571
v 0.0535714  0.0952429  -0.107143
v -0.0535714  0.0952429  -0.107143
v -0.125  0.0952429  -0.0178571
v 0.125  0.0  -0.0178571
v 0.0535714  0.0  -0.107143
v -0.0535714  0.0  -0.107143
v -0.125  0.0  -0.0178571
v -0.000125  0.214286  0.0
v -0.000157143  0.216518  0.00446429
v -0.000135714  0.207589  0.00446429
v -0.000107143  0.205357  0.0
v -0.0625  0.214286  0.0
v -0.0714286  0.220982  0.015625
v -0.0613964  0.212054  0.0133571
v -0.0535714  0.205357  0.0
v -0.125  0.0952429  -0.0178571
v -0.142857  0.0952429  0.00446429
v -0.122768  0.0952429  0.0
v -0.107143  0.0952429  -0.0178571
v -0.125  0.0  -0.0178571
v -0.142857  0.0  0.00446429
v -0.122768  0.0  0.0
v -0.107143  0.0  -0.0178571
v -0.107143  0.0  -0.0178571
v -0.0446429  0.0  -0.0892857
v 0.0446429  0.0  -0.0892857
v 0.107143  0.0  -0.0178571
v -0.107143  -0.142857  -0.0178571
v -0.0446429  -0.142857  -0.0892857
v 0.0446429  -0.142857  -0.0892857
v 0.107143  -0.142857  -0.0178571
v -0.0133929  -0.160714  0.0386893
v -0.00557857  -0.160714  0.0386893
v 0.00557857  -0.160714  0.0386893
v 0.0133929  -0.160714  0.0386893
v -0.0133929  -0.25  0.0535714
v -0.00557857  -0.25  0.0535714
v 0.00557857  -0.25  0.0535714
v 0.0133929  -0.25  0.0535714
v 0.107143  0.0  -0.0178571
v 0.122768  0.0  0.0
v 0.142857  0.0  0.00446429
v 0.125  0.0  -0.0178571
v 0.107143  -0.142857  -0.0178571
v 0.122768  -0.142857  0.0
v 0.142857  -0.142857  0.00446429
v 0.125  -0.142857  -0.0178571
v 0.0133929  -0.160714  0.0386893
v 0.0153464  -0.160714  0.0386893
v 0.0178571  -0.160714  0.0314357
v 0.015625  -0.160714  0.0297607
v 0.0133929  -0.25  0.0535714
v 0.0153464  -0.25  0.0535714
v 0.0178571  -0.25  0.0463179
v 0.015625  -0.25  0.0446429
v 0.125  0.0  -0.0178571
v 0.0535714  0.0  -0.107143
v -0.0535714  0.0  -0.107143
v -0.125  0.0  -0.0178571
v 0.125  -0.142857  -0.0178571
v 0.0535714  -0.142857  -0.107143
v -0.0535714  -0.142857  -0.107143
v -0.125  -0.142857  -0.0178571
v 0.015625  -0.160714  0.0297607
v 0.00669643  -0.160714  0.0230643
v -0.00781071  -0.160714  0.0208321
v -0.015625  -0.160714  0.0297607
v 0.015625  -0.25  0.0446429
v 0.00669643  -0.25  0.0379464
v -0.00781071  -0.25  0.0357143
v -0.015625  -0.25  0.0446429
v -0.125  0.0  -0.0178571
v -0.142857  0.0  0.00446429
v -0.122768  0.0  0.0
v -0.107143  0.0  -0.0178571
v -0.125  -0.142857  -0.0178571
v -0.142857  -0.142857  0.00446429
v -0.122768  -0.142857  0.0
v -0.107143  -0.142857  -0.0178571
v -0.015625  -0.160714  0.0297607
v -0.0175786  -0.160714  0.0319929
v -0.0153464  -0.160714  0.0386893
v -0.0133929  -0.160714  0.0386893
v -0.015625  -0.25  0.0446429
v -0.0175786  -0.25  0.046875
v -0.0153464  -0.25  0.0535714
v -0.0133929  -0.25  0.0535714
v -0.0133929  -0.25  0.0535714
v -0.00557857  -0.25  0.0535714
v 0.00557857  -0.25  0.0535714
v 0.0133929  -0.25  0.0535714
v -0.0133929  -0.46425  0.0892857
v -0.00557857  -0.46425  0.0892857
v 0.00557857  -0.46425  0.0892857
v 0.0133929  -0.46425  0.0892857
v -0.0446429  -0.678571  0.0535714
v -0.00892857  -0.678571  0.0625
v 0.00892857  -0.678571  0.0625
v 0.0446429  -0.678571  0.0535714
v -0.0446429  -0.857143  0.0357143
v -0.00892857  -0.857143  0.0446429
v 0.00892857  -0.857143  0.0446429
v 0.0446429  -0.857143  0.0357143
v 0.0133929  -0.25  0.0535714
v 0.0153464  -0.25  0.0535714
v 0.0178571  -0.25  0.0463179
v 0.015625  -0.25  0.0446429
v 0.0133929  -0.46425  0.0892857
v 0.0153464  -0.464286  0.0892857
v 0.0178571  -0.46425  0.0820321
v 0.015625  -0.46425  0.0803571
v 0.0446429  -0.678571  0.0535714
v 0.0535714  -0.678571  0.0513393
v 0.0535714  -0.678571  0.0334821
v 0.0446429  -0.678571  0.0357143
v 0.0446429  -0.857143  0.0357143
v 0.0535714  -0.857143  0.0334821
v 0.0535714  -0.857143  0.015625
v 0.0446429  -0.857143  0.0178571
v 0.015625  -0.25  0.0446429
v 0.00669643  -0.25  0.0379464
v -0.00781071  -0.25  0.0357143
v -0.015625  -0.25  0.0446429
v 0.015625  -0.46425  0.0803571
v 0.00669643  -0.464286  0.0736607
v -0.00781071  -0.46425  0.0714286
v -0.015625  -0.46425  0.0803571
v 0.0446429  -0.678571  0.0357143
v 0.00892857  -0.678571  0.0446429
v -0.00892857  -0.678571  0.0446429
v -0.0446429  -0.678571  0.0357143
v 0.0446429  -0.857143  0.0178571
v 0.00892857  -0.857143  0.0267857
v -0.00892857  -0.857143  0.0267857
v -0.0446429  -0.857143  0.0178571
v -0.015625  -0.25  0.0446429
v -0.0175786  -0.25  0.046875
v -0.0153464  -0.25  0.0535714
v -0.0133929  -0.25  0.0535714
v -0.015625  -0.46425  0.0803571
v -0.0175786  -0.464286  0.0825893
v -0.0153464  -0.464286  0.0892857
v -0.0133929  -0.46425  0.0892857
v -0.0446429  -0.678571  0.0357143
v -0.0535714  -0.678571  0.0334821
v -0.0535714  -0.678571  0.0513393
v -0.0446429  -0.678571  0.0535714
v -0.0446429  -0.857143  0.0178571
v -0.0535714  -0.857143  0.015625
v -0.0535714  -0.857143  0.0334821
v -0.0446429  -0.857143  0.0357143
v -0.0446429  -0.857143  0.0357143
v -0.00892857  -0.857143  0.0446429
v 0.00892857  -0.857143  0.0446429
v 0.0446429  -0.857143  0.0357143
v -0.0446429  -0.928571  0.0285714
v -0.00892857  -0.928571  0.0375
v 0.00892857  -0.928571  0.0375
v 0.0446429  -0.928571  0.0285714
v -0.0539286  -0.999643  0.0178571
v 0.000357143  -0.999643  0.0178571
v 0.0  -0.999643  0.0178571
v 0.0535714  -0.999643  0.0178571
v -0.000357143  -1  0.0178571
v 0.000357143  -1  0.0178571
v 0.0  -1  0.0178571
v 0.0  -1  0.0178571
v 0.0446429  -0.857143  0.0357143
v 0.0535714  -0.857143  0.0334821
v 0.0535714  -0.857143  0.015625
v 0.0446429  -0.857143  0.0178571
v 0.0446429  -0.928571  0.0285714
v 0.0535714  -0.928571  0.0263393
v 0.0535714  -0.928571  0.00848214
v 0.0446429  -0.928571  0.0107143
v 0.0535714  -0.999643  0.0178571
v 0.0669643  -0.999643  0.0178571
v 0.0673214  -0.999643  0.0
v 0.0539286  -0.999643  0.0
v 0.0  -1  0.0178571
v 0.0  -1  0.0178571
v 0.000357143  -1  0.0
v 0.000357143  -1  0.0
v 0.0446429  -0.857143  0.0178571
v 0.00892857  -0.857143  0.0267857
v -0.00892857  -0.857143  0.0267857
v -0.0446429  -0.857143  0.0178571
v 0.0446429  -0.928571  0.0107143
v 0.00892857  -0.928571  0.0196429
v -0.00892857  -0.928571  0.0196429
v -0.0446429  -0.928571  0.0107143
v 0.0539286  -0.999643  0.0
v 0.000357143  -0.999643  0.0
v -0.000357143  -0.999643  0.0
v -0.0539286  -0.999643  0.0
v 0.000357143  -1  0.0
v 0.000357143  -1  0.0
v -0.000357143  -1  0.0
v -0.000357143  -1  0.0
v -0.0446429  -0.857143  0.0178571
v -0.0535714  -0.857143  0.015625
v -0.0535714  -0.857143  0.0334821
v -0.0446429  -0.857143  0.0357143
v -0.0446429  -0.928571  0.0107143
v -0.0535714  -0.928571  0.00848214
v -0.0535714  -0.928571  0.0263393
v -0.0446429  -0.928571  0.0285714
v -0.0539286  -0.999643  0.0
v -0.0673214  -0.999643  0.0
v -0.0675  -0.999643  0.0178571
v -0.0539286  -0.999643  0.0178571
v -0.000357143  -1  0.0
v -0.000357143  -1  0.0
v -0.000535714  -1  0.0178571
v -0.000357143  -1  0.0178571
